61 2291 114 151
4066 4066 113 149
48 4065 110 149
37 2226 111 152
48 4063 114 151
56 3129 114 151
52 4061 111 150
48 4060 113 152
54 4059 114 152
80 4058 98 131
67 4057 99 131
45 4056 97 133
59 3801 113 152
41 2637 113 152
52 4053 113 151
270 3838 113 152
54 4051 113 151
62 4050 114 152
45 4049 114 151
116 4048 114 150
120 3196 113 152
51 4046 114 152
189 4016 114 150
51 4044 98 132
125 4043 99 131
51 4042 113 152
52 3931 112 152
53 2785 113 152
51 1893 114 151
59 4038 100 136
179 3727 114 151
54 4036 114 152
97 2637 113 152
288 1986 113 151
47 1861 113 151
51 1653 114 152
225 4031 113 151
294 4030 112 150
55 2190 112 152
52 4028 114 151
57 3576 114 150
89 2457 113 152
252 3851 113 152
111 4024 113 152
49 4023 98 132
56 4022 100 131
42 2474 113 152
90 1593 112 151
62 2595 114 151
52 4018 97 132
55 3034 114 151
50 4016 99 132
44 4015 98 131
61 2032 113 151
59 2967 112 152
87 4012 114 151
52 4011 112 151
48 4010 113 151
76 4009 98 132
49 2538 113 151
54 2159 112 152
46 3570 113 152
53 4005 101 138
95 3421 113 152
47 4003 97 133
277 3642 114 151
118 2602 113 151
52 4000 98 133
49 3999 98 131
42 3188 114 151
54 3997 112 152
57 2771 113 151
58 3995 98 132
47 3994 112 151
60 3993 113 151
59 3992 98 131
49 2227 113 151
112 3990 114 150
76 3989 114 151
255 3223 114 150
62 2820 113 152
52 3986 105 141
62 1792 112 151
56 3984 115 151
350 3983 113 151
225 1851 114 151
49 3981 98 132
37 1871 112 151
47 3979 114 152
165 1550 113 152
48 3977 97 133
47 3771 114 151
52 2645 113 152
124 3974 113 151
59 3973 97 132
63 3972 96 130
149 2558 112 150
111 1798 113 151
45 2719 113 150
144 3968 98 132
69 3967 97 132
53 3966 112 151
133 3965 113 151
311 3687 114 150
58 3963 99 132
132 3951 114 150
49 3961 101 134
157 3960 107 144
55 1902 113 151
316 3958 113 151
57 3957 99 131
48 3956 114 151
52 3766 113 152
49 3167 114 151
58 3279 114 151
58 3952 113 153
53 3951 110 147
54 2749 112 151
53 2050 112 152
102 2950 114 151
43 3821 114 150
42 3946 101 133
180 3945 98 132
47 3944 98 132
319 2750 113 152
47 2400 112 152
112 3941 112 150
58 3106 113 151
50 3939 112 150
51 1997 113 151
54 3937 98 132
42 3936 112 149
60 3935 115 151
50 2991 114 151
57 3933 112 150
53 3932 111 149
49 2982 113 151
53 3930 111 149
60 3482 113 152
65 2496 112 151
182 1554 113 151
40 3926 112 151
79 3925 113 151
51 3924 113 151
60 3923 112 150
183 3922 98 133
208 2104 113 151
46 1622 112 151
129 2475 112 151
51 3918 97 131
149 3917 113 151
52 2621 113 150
48 3306 113 150
153 3914 113 151
202 3913 114 152
38 3912 113 152
100 2788 112 150
51 2152 114 150
53 1698 113 151
38 3644 112 152
35 2843 114 151
39 2250 113 150
290 3905 112 150
58 3904 107 144
284 2804 112 151
51 3902 113 151
49 3901 100 135
52 2021 112 150
138 3899 98 131
48 2315 112 151
53 2379 113 152
389 3896 97 131
38 1632 113 152
61 3894 98 132
52 3725 114 151
42 3892 113 151
59 1442 113 150
58 3890 112 152
105 3889 111 148
56 3460 113 151
53 3887 98 132
47 3326 112 151
155 3885 98 132
48 3884 103 140
60 3883 99 133
47 3549 112 151
57 2232 113 150
80 3880 98 133
57 1766 113 151
56 3878 96 131
165 3877 114 151
126 3876 112 150
163 3875 102 137
42 2915 112 151
171 3873 113 151
59 2781 112 151
51 3493 112 152
74 1658 112 152
46 3869 114 151
60 3868 100 135
78 2479 112 152
129 2466 113 150
366 2920 114 151
140 3864 112 151
88 3863 113 152
242 3086 112 150
61 3861 112 150
222 3860 111 151
165 2572 112 151
427 2502 112 151
66 3857 97 132
299 3697 114 151
256 2553 113 151
44 3239 113 152
48 3853 114 151
93 3683 112 151
263 3851 108 148
61 3850 113 150
47 2210 113 152
897 3848 104 141
54 3847 112 152
442 3846 112 151
269 3845 98 132
152 2684 112 151
52 4095 114 151
47 3298 114 151
63 3684 113 152
215 2565 113 151
51 3858 114 150
46 4090 98 132
50 4089 104 141
44 3968 114 151
42 4087 112 149
48 2074 114 151
56 4085 114 151
176 1515 113 152
58 4083 98 132
100 4082 97 132
59 3650 114 151
49 1688 113 152
49 2829 113 152
54 2724 113 151
44 4077 105 141
55 4076 113 152
49 4075 111 147
204 2554 114 151
62 4073 100 136
60 1662 113 150
47 3996 114 152
59 2819 113 152
58 4069 114 151
52 4068 113 151
59 4067 98 132
48 4066 103 139
185 4065 113 150
52 2269 113 152
295 3816 113 152
211 4062 97 133
58 4061 112 151
41 1666 113 151
110 3942 113 151
48 3736 114 151
55 2841 113 152
53 4056 99 133
364 2031 114 152
48 4054 100 135
60 4053 97 132
59 4052 98 130
213 2056 113 152
135 3990 113 152
56 4049 109 146
61 4048 113 152
199 3910 114 152
45 4046 102 137
44 2386 113 151
57 4044 113 151
59 2906 113 152
133 4042 114 151
59 2935 114 151
40 4040 114 151
49 4039 114 151
51 4038 113 152
60 2031 113 150
58 4036 113 151
49 2139 113 151
107 4034 110 148
38 4033 98 131
218 1732 113 151
40 4031 98 132
50 4000 114 151
104 3634 115 151
58 4028 113 151
87 2544 113 151
201 3151 114 151
45 2732 113 151
83 3850 113 152
49 4023 113 152
432 3226 114 151
63 4021 110 147
54 4020 109 148
442 2012 113 152
42 2929 113 151
44 3779 114 151
55 4016 113 151
51 4015 97 132
44 4014 97 131
56 2458 113 151
48 4012 113 150
56 2324 113 150
54 4010 114 151
162 4009 114 150
54 4008 112 150
53 4007 114 151
53 4006 102 136
62 4005 97 132
3695 3865 114 150
43 3796 112 151
50 2554 113 151
57 3863 113 151
53 4000 98 131
49 3999 107 144
130 3998 107 144
49 2813 112 152
55 2305 112 151
52 3995 113 151
45 3994 113 150
46 3993 112 152
43 3992 103 140
56 1935 114 152
47 3990 112 149
61 2129 113 151
42 3288 113 151
48 3987 113 151
60 1912 113 150
52 3961 116 153
77 3984 112 151
56 2762 113 152
45 3982 106 142
49 2975 112 151
105 2018 113 151
45 3979 112 151
47 3978 114 151
145 3977 102 138
119 3976 114 150
165 3975 97 132
60 3974 109 148
50 3973 98 131
51 3972 97 132
53 2258 112 151
214 3970 99 132
59 3304 113 150
60 3968 114 150
61 2766 114 151
110 3966 114 150
60 3965 97 132
58 3964 98 132
348 3963 113 151
56 2409 113 151
147 3961 98 131
161 3960 99 131
48 3959 98 131
38 3366 114 151
49 3387 113 150
75 2017 113 151
61 3955 106 144
280 2993 114 151
245 1992 113 151
51 3818 114 152
229 1551 112 151
50 3950 113 150
51 3949 113 150
102 2745 113 151
47 3947 114 151
51 2958 113 151
48 2802 112 151
59 3944 114 151
53 3943 98 132
248 2600 113 151
161 3941 113 151
58 1924 113 152
43 3939 109 147
174 3007 114 152
208 3937 98 133
134 3936 112 151
54 2701 113 151
64 3272 112 151
243 1999 111 151
49 3932 113 151
272 2002 112 152
54 3439 113 151
53 1633 113 152
89 1480 113 152
55 3927 111 148
304 3863 114 151
52 3925 112 149
56 3258 113 152
150 3923 97 133
305 3922 112 151
59 3921 112 149
62 3920 113 151
46 3919 112 150
53 3918 110 148
60 3917 102 138
46 3227 112 151
80 3915 98 132
52 3914 112 150
235 3913 112 151
39 1902 113 151
57 3911 104 142
54 3910 110 148
51 1485 112 151
75 2375 113 151
55 3907 112 151
414 2188 113 151
143 2958 113 151
85 2648 113 151
53 2202 114 151
44 3902 97 131
55 3901 113 151
163 3900 109 146
47 1798 113 152
51 3349 114 151
57 3897 113 151
44 3896 109 146
330 3895 113 150
58 1595 111 151
58 3893 112 151
62 3892 99 135
55 3891 100 135
62 3890 98 132
56 3889 97 130
106 2121 114 151
3887 3887 110 147
52 3362 113 151
60 2810 113 151
3884 3884 99 131
44 3883 97 132
41 3882 97 132
47 3881 106 142
160 3013 114 150
46 1764 113 151
227 3878 112 152
49 2655 113 151
48 3876 109 148
46 3875 113 151
58 3874 108 147
1029 3873 112 150
54 3325 112 150
46 3871 112 151
48 3870 113 151
45 1935 112 152
46 3868 98 131
47 2673 113 151
47 3866 113 150
168 3579 114 151
121 3864 113 151
179 3863 115 151
165 3862 105 141
54 3861 102 139
57 2199 113 151
62 3859 112 151
116 3858 110 148
376 2013 113 151
47 3371 112 150
35 3855 112 151
48 3854 112 151
39 3462 114 151
50 3852 97 132
38 3851 97 130
62 2684 113 151
61 3849 112 151
50 3848 113 152
59 3847 112 150
55 3846 98 132
101 3845 113 151
46 3784 112 151
49 3165 113 151
49 1441 113 154
58 1785 113 152
98 1986 112 151
166 4091 111 149
45 4090 113 152
625 4089 113 152
46 3733 112 152
51 2272 113 151
55 4086 113 153
60 1636 113 151
75 2727 113 152
138 4083 114 151
57 1731 113 153
48 2069 112 152
53 4080 100 133
133 3195 114 151
51 4078 98 132
48 2137 114 151
53 1972 113 152
39 1655 113 152
41 4074 109 145
75 1863 112 152
47 2717 113 152
40 2574 112 151
150 4070 114 151
56 1894 113 152
56 4068 111 149
193 3811 114 152
37 3649 114 151
242 4065 113 152
97 2975 113 152
48 3909 113 152
191 3402 113 152
46 4061 98 133
54 4060 114 151
48 2802 114 151
103 4058 98 133
128 4057 98 131
62 2450 112 152
50 3368 115 151
347 4054 114 151
48 4053 114 152
51 4052 98 133
51 4051 114 152
62 4050 99 132
56 4049 98 133
38 3697 114 151
50 3352 114 152
59 4046 113 152
284 4045 113 152
37 2368 112 151
52 3278 113 152
44 2685 113 150
38 1840 113 151
387 4040 113 151
102 1834 113 151
152 4038 113 152
51 2260 113 152
48 4036 97 132
128 2211 114 151
49 4034 110 147
43 4033 113 151
44 1872 113 151
58 1950 112 151
57 4030 98 132
338 4029 109 147
70 4028 113 151
114 4027 111 150
50 4026 113 152
44 3763 113 151
45 4024 106 141
196 3453 114 150
46 2977 113 151
53 3617 113 151
95 2216 113 152
39 4019 114 151
54 4018 99 131
330 2716 113 151
49 2504 113 151
53 1616 112 152
61 3919 114 151
45 3681 113 152
44 4012 98 131
47 3159 112 152
80 4010 97 132
52 2388 114 150
46 4008 113 151
52 4007 114 151
47 2653 113 153
46 4005 105 141
56 3955 114 151
80 1791 112 152
347 3491 113 150
59 3006 114 151
50 4000 114 151
46 3659 113 151
106 2512 114 151
58 3997 114 151
54 3996 97 132
49 1885 113 152
55 1632 112 151
262 3993 113 151
76 2996 114 152
54 3991 98 132
60 3990 113 150
47 3989 113 152
42 2492 114 151
50 3987 112 152
112 3986 97 132
59 3985 113 151
56 3984 107 144
42 3983 98 132
185 3012 114 151
43 3981 97 133
45 3980 97 132
52 1800 113 151
177 2479 113 151
306 1907 112 151
104 2716 113 150
51 3975 111 148
49 3938 114 151
55 3973 113 150
59 1639 112 152
73 3971 112 151
44 2757 113 151
35 1450 113 151
49 2852 113 151
44 3432 112 151
56 3732 113 151
46 2354 113 152
53 3662 113 151
2113 3963 114 150
195 3962 112 151
125 3961 100 133
60 3135 114 152
59 2924 112 151
51 3958 113 151
58 3050 112 152
81 3956 112 151
291 1884 111 151
64 3954 114 150
40 3953 112 150
156 3952 99 131
48 3951 113 151
58 3950 97 132
48 3949 98 132
39 3948 112 151
56 3947 113 152
84 3946 113 152
39 3945 106 144
55 3944 113 151
52 3943 107 145
40 1799 112 152
35 3941 113 150
49 3940 109 148
39 2694 114 150
58 3938 113 152
52 3937 114 151
42 3936 98 131
58 3935 112 151
162 3934 99 132
49 3933 97 131
52 3932 97 131
127 3931 97 132
56 2697 113 152
50 3929 98 131
48 3928 97 132
279 3927 113 152
59 3714 113 150
59 1656 113 152
103 1632 111 151
47 3855 112 152
128 3922 113 151
58 3921 98 132
57 3920 113 151
128 3919 112 151
89 3918 113 151
47 3917 114 151
40 3916 114 151
58 3915 107 143
44 3282 112 151
48 2889 113 152
50 3912 97 132
61 3911 106 142
153 3910 111 149
174 3909 113 151
54 2031 113 152
42 1963 112 151
3906 3844 113 150
212 3743 113 150
55 3904 113 150
196 3903 113 151
60 3902 114 150
46 3901 99 131
55 3900 98 132
44 3899 113 152
66 3898 98 132
191 3897 113 151
56 3896 113 151
57 1585 114 152
52 3341 114 151
131 3893 111 148
51 1931 113 152
227 2926 113 151
61 3613 113 151
82 3889 113 151
59 3888 110 149
48 3887 98 132
110 3886 97 131
42 3885 97 131
3267 3728 114 150
58 2280 113 150
55 2552 112 151
261 3881 111 149
245 3265 112 150
55 3879 113 151
52 2318 113 151
231 3469 113 152
50 3876 113 149
164 3875 100 133
141 3874 113 151
45 3057 112 150
47 1538 113 151
61 3871 97 131
58 2913 113 151
51 3280 113 150
56 3868 104 141
252 1892 112 152
47 3317 113 152
57 3865 113 151
51 2838 113 151
38 3863 113 151
51 3862 114 151
59 2050 112 152
59 3860 97 132
142 2047 114 151
116 3174 112 151
60 3234 113 152
57 3856 113 151
57 3855 112 152
59 2235 113 151
49 3853 112 152
53 3852 114 151
50 3851 113 151
54 3850 112 150
62 2712 113 150
123 3848 112 151
48 3847 112 152
45 3846 113 151
47 3845 110 147
61 3844 112 151
59 4095 98 132
181 2008 112 152
44 4093 99 132
139 2744 113 152
58 2966 113 151
56 4090 110 148
49 4089 103 138
252 4088 99 132
137 3007 113 152
153 4086 112 151
96 4085 111 150
129 1678 113 152
58 1845 113 152
47 4082 98 132
49 4081 104 139
183 1542 112 152
160 4079 112 150
63 2285 113 151
49 4077 97 133
59 4076 113 152
56 4075 112 151
157 2368 114 151
46 4073 97 132
149 4072 99 132
311 1865 112 152
58 4070 110 150
130 4069 97 133
225 3957 114 152
52 2491 113 151
56 1960 114 152
201 3600 114 151
59 4064 114 150
51 4063 114 152
61 2499 113 151
310 4012 113 151
102 3456 112 152
45 4059 112 151
223 3534 112 151
196 4057 104 138
51 4056 99 131
278 2062 113 152
108 3186 114 152
56 4053 112 151
52 4052 97 133
231 4051 114 152
315 2991 114 151
51 4049 98 132
48 4048 99 132
47 4047 97 132
57 1559 114 151
114 2667 114 150
261 4044 113 150
168 4043 114 151
46 2645 113 150
48 3333 113 151
62 1885 113 150
60 3849 113 152
56 3481 113 150
344 3891 113 152
88 4036 112 152
49 1535 114 151
48 2138 113 152
49 2211 114 151
46 3500 113 152
40 4031 115 152
58 3856 114 151
98 4029 113 151
291 4028 114 150
55 2536 113 150
86 1717 113 151
56 2498 113 152
456 4024 113 152
210 4023 98 132
63 4022 114 151
50 3964 114 151
38 1865 113 152
49 3681 114 151
152 2699 114 152
53 2950 113 151
53 3681 114 151
197 1893 113 151
50 1926 114 151
53 3493 113 151
152 3661 114 151
44 2330 114 151
37 2941 113 151
220 4009 98 132
43 1790 112 152
48 4007 97 132
59 4006 97 131
57 4005 98 132
52 3369 113 152
55 3860 113 152
46 4002 112 151
65 2836 113 152
158 3616 113 151
199 3836 113 152
53 3998 113 150
48 3699 114 151
78 3996 98 131
46 3995 98 131
293 3202 112 151
56 3993 97 132
46 3992 98 133
58 2132 112 152
121 2715 112 151
204 3989 113 151
48 3988 98 131
217 3646 113 151
49 3986 113 151
53 3985 114 150
59 3984 111 148
58 3371 112 152
42 3484 114 151
60 2971 113 151
196 3980 97 133
136 3724 113 151
43 3978 103 140
183 2144 114 151
386 3976 97 132
55 2337 112 151
315 2172 114 151
47 3973 113 152
55 3972 114 152
63 3971 114 151
62 1605 112 151
62 3969 98 132
57 3968 97 132
93 3967 113 151
247 3966 114 151
49 2316 113 151
53 3964 102 137
3963 3963 115 149
46 3962 98 133
59 3961 112 150
106 3960 113 150
144 1710 113 152
56 3076 114 151
37 3957 113 151
60 2803 112 151
39 3955 98 133
203 3954 97 132
50 3953 97 130
43 3952 97 132
58 3613 114 151
192 3950 112 149
111 3949 98 132
280 3948 114 151
156 1821 113 151
688 2738 112 151
260 3945 114 150
48 3944 114 150
43 3943 113 152
268 3942 113 151
50 3941 112 151
58 3940 110 148
54 3939 113 150
192 3938 98 131
50 3937 98 132
43 3936 97 131
64 3935 114 151
409 2864 113 151
41 2792 113 151
308 3932 97 132
57 2038 112 151
153 2404 114 151
44 3929 113 152
546 3074 114 151
102 3172 113 153
60 1850 112 151
142 3925 111 150
119 3924 110 149
39 3923 113 150
307 2837 113 151
99 3921 114 151
129 1694 113 150
57 2831 113 152
187 3918 113 151
49 2043 113 151
45 3916 101 136
64 3915 113 150
156 1686 113 152
49 2685 113 151
53 3110 112 152
148 2580 113 150
47 3910 113 151
47 3879 113 151
52 3908 112 151
244 2013 112 152
61 2765 113 150
43 3905 114 151
37 3904 113 151
133 2646 112 151
39 3902 111 150
72 3901 104 140
50 3900 98 131
55 2903 113 151
170 3898 98 131
86 3897 104 140
53 3896 98 131
38 3895 112 151
113 2658 113 151
56 3893 111 149
59 3892 98 132
54 3891 97 132
53 3890 113 150
130 2912 111 151
42 2743 113 151
58 3887 98 131
52 3886 109 147
409 1855 113 152
49 3884 101 136
60 2434 114 151
51 3882 113 151
52 2021 113 151
146 3161 112 151
59 1795 113 150
52 3878 113 151
50 1615 112 151
81 3876 97 132
39 3875 98 132
60 3874 110 149
51 2121 112 150
60 3872 97 131
263 3871 114 151
160 3870 112 152
56 3869 110 148
39 1847 114 152
123 3867 98 132
56 3866 98 131
267 1990 112 152
49 3864 105 141
61 3863 113 151
77 1587 113 152
53 1737 113 152
55 2522 113 151
55 1547 112 152
49 3858 113 151
232 3857 112 150
57 3856 109 148
50 3315 112 152
41 3854 110 148
303 1600 112 151
297 1768 113 152
61 3000 113 151
62 3850 113 151
47 3849 113 151
45 3848 113 150
42 3847 113 150
39 3846 111 149
49 3845 109 147
260 3844 97 131
45 4095 99 132
38 4094 110 147
51 4093 100 134
52 4092 108 145
197 4091 114 151
58 4090 113 150
57 3253 113 151
58 4088 97 133
49 4087 99 132
48 4086 97 132
354 2985 114 151
52 3206 114 151
327 4083 111 148
81 2559 113 152
312 1941 114 151
55 4080 112 151
58 4079 98 132
38 3592 114 152
48 4077 114 151
58 1919 112 152
135 1920 113 150
265 4074 99 131
215 4052 114 152
61 4072 114 151
313 4071 115 151
4070 3199 113 151
217 2553 112 152
57 1656 113 151
57 3176 113 152
59 2604 113 152
52 4035 114 151
48 1706 113 151
57 4063 114 152
46 3319 113 152
48 1984 114 152
47 1739 113 152
53 2316 113 151
58 3515 113 152
60 3686 114 151
48 4056 111 151
56 3541 114 152
50 4054 113 151
53 3977 113 153
222 4052 101 137
293 3974 114 152
182 3859 113 151
57 2710 113 151
38 4048 114 151
162 1424 112 152
51 2535 114 151
57 2436 113 151
52 4044 107 143
296 2447 113 150
91 4042 98 132
219 4041 102 137
77 4040 99 135
92 1816 113 152
43 4038 109 143
48 2822 114 151
50 4036 98 131
56 4035 98 131
152 4034 98 132
48 4033 97 132
49 4032 112 151
62 4031 102 136
248 4030 108 146
38 2127 113 151
51 1605 112 152
248 3051 113 152
122 2229 114 151
51 4025 98 132
43 4024 110 149
50 2902 113 152
58 4022 113 152
52 4021 106 141
46 4020 110 148
49 4019 113 151
119 3680 113 152
51 4017 113 150
39 3869 113 151
287 4015 114 151
54 3317 114 150
63 1584 114 152
153 4012 98 132
59 4011 98 131
48 1840 113 152
48 3497 113 150
47 1929 113 151
58 4007 104 140
45 4006 112 150
50 1610 113 151
122 4004 113 151
378 4003 114 151
58 4002 114 151
57 3571 114 150
56 3608 113 151
42 3999 98 134
57 3998 100 136
81 3997 112 149
98 3082 114 151
55 1651 113 152
90 3994 108 143
53 3993 108 147
45 3992 97 132
190 3991 113 152
142 3990 114 150
54 2098 113 151
53 2672 112 151
44 3987 99 133
53 3423 112 151
48 3678 113 152
52 1904 113 151
91 2993 113 151
59 3982 114 151
202 3981 113 152
47 3980 113 152
55 1898 114 151
58 3978 98 132
51 3977 97 132
59 3976 112 151
122 3584 114 151
57 3974 112 149
50 3973 113 151
47 3972 106 144
336 3971 114 151
203 3970 113 151
55 3969 109 148
52 3949 112 151
530 3560 113 151
48 3285 112 151
279 3460 114 150
57 3964 108 147
35 3963 97 131
305 3962 112 150
48 3961 97 132
55 3960 97 133
48 3959 101 137
46 2903 113 151
41 3455 113 151
258 3956 114 152
59 2810 113 151
50 2449 113 151
56 1896 112 151
39 1902 112 150
42 3951 114 151
58 3950 98 132
54 3949 113 151
180 3948 111 150
42 3947 98 131
46 3946 97 131
230 3945 112 151
42 2550 113 152
57 3943 113 152
56 3942 101 136
64 3941 113 151
37 3940 113 151
57 3939 113 151
44 3220 114 151
107 3439 113 152
49 3501 113 150
157 3935 97 131
46 3484 112 151
38 2163 113 152
52 3529 114 151
58 1734 113 151
88 2186 113 152
59 3828 113 151
363 2770 112 151
194 3265 114 151
37 3926 97 132
129 1885 113 151
83 2811 112 151
41 3923 113 151
43 1566 113 152
52 2990 113 152
201 3920 96 132
303 3919 113 151
48 3918 108 147
343 1704 113 152
44 3916 109 148
61 3915 105 142
47 3914 114 152
60 3913 96 132
167 2621 112 152
55 2637 112 152
42 3910 113 152
49 2646 114 151
59 3714 113 151
50 2619 113 151
56 3906 99 135
52 3905 98 132
57 3904 97 131
134 3903 98 134
54 3642 113 151
117 2535 113 151
55 3900 113 151
75 3527 114 151
46 2538 112 151
51 3897 104 140
44 2381 113 151
61 3895 113 151
47 3894 113 151
249 3204 113 151
45 3892 114 151
134 3891 112 152
52 3890 97 132
167 1626 112 151
66 3888 113 151
43 3887 109 146
49 3886 100 134
49 2997 113 150
73 2587 113 151
274 1893 112 151
55 3882 112 151
237 3881 98 132
355 3880 103 138
167 3879 113 151
177 3878 112 150
60 1776 113 152
114 3876 107 144
271 3875 113 151
61 3874 98 132
65 2460 113 152
61 3872 97 132
42 3871 98 131
59 3870 98 132
55 3869 98 134
59 3868 112 152
47 2184 112 152
102 2327 113 151
69 3865 112 151
307 3864 113 150
58 1540 111 150
48 2987 113 151
50 3390 113 151
59 3860 112 151
70 3859 97 132
58 3858 100 137
58 3857 97 132
125 3856 97 131
53 3855 107 143
47 2335 113 151
126 2669 113 149
54 2900 112 151
200 3700 113 151
136 3850 108 147
168 1587 113 152
49 3848 112 152
56 3847 110 147
56 2856 113 150
51 1678 113 152
47 1688 112 152
43 4095 114 151
52 4094 104 139
59 4093 98 132
58 4092 112 151
52 4091 114 151
63 4090 106 144
48 4089 113 152
177 2967 114 151
58 4087 113 151
70 4086 103 140
58 4085 113 152
180 2932 114 151
259 3701 113 152
58 3013 114 151
49 4081 103 140
40 1958 113 151
51 2766 114 151
54 4078 98 132
58 4077 97 131
55 2689 115 151
63 4075 114 151
56 4074 113 152
56 1810 112 152
48 4072 109 145
47 4071 98 132
44 4070 98 131
46 2375 113 151
207 4042 114 152
248 4067 104 141
47 1619 113 152
41 4065 111 150
42 2052 114 151
57 1363 113 151
51 4062 114 151
59 3210 114 151
50 4060 113 152
48 4059 98 132
48 4058 97 132
58 3646 113 152
56 4056 113 151
51 4055 113 152
60 2716 112 151
287 2033 113 152
60 3612 113 151
189 4051 108 144
59 4050 113 152
56 3775 113 152
59 4048 109 147
45 2298 113 150
79 4046 110 148
63 4045 104 140
62 3324 114 150
53 2161 112 151
47 3797 113 151
177 4041 111 148
57 3848 114 152
58 1484 112 152
375 3160 114 152
48 2288 112 151
57 4036 114 151
90 2666 114 152
48 3962 112 151
55 4033 98 132
58 4032 114 150
54 3407 113 151
60 3493 114 151
57 4029 114 152
49 1798 112 152
53 3353 114 151
190 4026 113 151
44 4025 114 152
48 2073 114 151
55 4023 105 142
130 3187 114 152
48 2518 113 152
39 1769 113 152
47 4019 114 152
379 2655 112 150
75 3982 113 152
63 3312 113 152
69 3199 113 152
193 3052 114 151
277 4013 109 147
94 3222 114 152
59 2839 112 151
55 4010 113 151
53 3079 113 151
46 4008 108 146
41 1607 113 151
43 4006 110 148
45 4005 98 134
49 4004 109 145
215 1512 114 151
58 2794 113 152
43 4001 103 141
62 1465 113 152
59 3999 107 144
115 3190 113 151
51 1766 113 151
61 3996 114 151
48 2889 114 151
228 1782 113 151
323 1665 113 151
56 3992 99 133
51 2750 114 151
73 3990 99 132
52 3989 105 140
58 3988 111 148
45 2184 113 152
39 2316 113 150
58 3596 114 151
42 3984 97 132
127 1736 112 152
64 3982 112 151
61 3981 114 151
48 3980 113 151
57 3168 113 151
57 3978 113 152
40 2224 113 152
47 2325 112 152
55 2816 112 152
52 2558 113 150
50 2391 114 151
53 3972 114 152
43 3971 109 147
41 3970 98 131
55 3969 98 132
55 3968 109 147
213 2346 114 150
43 2334 112 152
122 3965 113 150
48 3964 113 151
254 2258 112 151
118 1861 113 151
46 3961 111 151
59 3960 105 141
46 3959 97 132
48 3958 112 151
59 3957 103 140
39 3956 113 152
218 3955 113 151
59 3954 111 149
49 2530 114 151
71 3952 112 149
50 3951 97 130
44 3950 98 132
58 3949 97 132
180 2942 113 151
51 3325 114 152
52 3946 113 152
46 3945 109 147
44 2375 114 151
44 3943 107 145
43 3942 98 132
53 3941 112 149
49 3940 108 144
50 3847 113 151
38 3938 96 132
46 3937 97 132
52 3483 113 151
51 3935 112 151
55 3934 112 151
42 3713 113 152
112 3650 113 150
55 3077 113 152
49 3448 114 151
49 3929 113 151
59 3928 112 151
55 3927 103 140
58 3546 114 151
53 1883 113 151
273 3489 114 152
51 1930 112 151
63 2741 114 151
160 2511 113 151
150 3089 113 150
47 3919 99 134
34 3918 111 151
50 2965 113 151
58 3916 114 151
58 3915 97 133
50 3914 114 151
58 3913 98 132
60 2424 113 150
174 3911 97 132
41 3910 114 150
39 1687 113 152
47 3908 113 151
240 1523 112 151
368 2446 112 151
40 3905 113 152
57 3904 98 131
228 3903 112 151
49 3581 113 149
61 3590 113 151
57 3900 104 140
46 2016 112 151
46 3898 113 150
198 3897 113 151
55 3896 112 151
41 3895 113 152
50 2199 113 151
49 3893 113 151
49 3892 112 151
57 3891 108 144
60 3890 113 151
99 1689 114 152
60 3485 112 151
237 1929 114 151
55 3795 113 151
48 3885 108 144
101 3884 104 140
212 2081 114 152
38 3882 113 152
47 3167 113 152
46 3831 113 151
334 3879 112 151
47 1480 111 151
231 3877 111 148
49 3876 113 151
58 3875 112 151
52 3874 97 133
58 3873 113 151
48 3872 113 151
44 2120 113 151
46 1817 112 151
46 2580 112 149
43 3868 113 152
204 3152 114 151
59 2634 112 151
58 2392 112 149
2312 3700 113 151
93 3863 104 140
49 3110 112 152
60 2841 113 150
369 3860 112 150
48 3859 113 150
51 2442 112 152
90 1594 113 151
51 2638 112 150
58 3457 113 151
50 2501 113 151
67 3853 112 150
59 3852 111 149
46 3851 108 146
52 3191 113 151
64 2570 113 150
187 2145 112 151
522 3847 111 149
58 1892 113 150
51 3845 97 133
51 3844 113 151
56 4095 113 151
48 4094 114 151
40 3088 113 151
42 4092 113 152
81 4091 114 152
144 4090 113 152
51 3476 114 151
47 4088 114 151
61 2250 113 151
145 4086 97 131
140 1916 114 152
52 2625 113 151
46 4083 115 152
223 3426 114 152
58 1974 113 151
49 4080 113 151
85 4079 114 152
56 4041 113 152
263 2280 113 151
226 4076 104 140
47 4075 98 134
57 4074 114 150
61 1715 113 152
44 2005 112 152
57 3834 113 152
48 4070 108 147
243 2146 112 152
58 2149 113 152
166 4067 114 150
115 2633 114 152
69 4065 114 151
140 4064 114 151
232 3815 114 150
36 4062 97 131
62 1889 112 152
57 4060 112 151
59 2155 112 152
56 4058 113 151
51 2653 111 151
48 3932 114 151
56 4055 105 140
49 4054 113 152
51 3958 113 153
336 4052 114 152
55 4051 114 151
216 3738 114 152
301 4049 112 152
46 4048 98 132
144 4047 113 151
45 3358 113 152
56 3893 113 151
44 2566 114 151
288 1637 114 152
45 4042 113 152
56 2793 112 152
203 4040 98 132
44 4039 114 151
46 4038 99 131
58 2809 113 152
60 1757 113 152
509 4035 114 151
194 2703 114 152
55 4033 98 132
54 2553 114 151
53 4031 113 151
167 4030 114 151
104 3918 113 152
57 4028 110 145
177 1642 113 151
59 2408 113 151
53 4025 114 151
42 3817 114 151
132 1632 112 152
281 3792 114 152
78 4021 114 151
124 2114 113 151
85 4019 112 151
3245 2209 115 151
57 1751 114 152
43 4016 97 133
52 3212 114 151
48 2823 114 151
41 3020 113 151
47 2982 113 151
216 1920 111 151
49 3419 113 151
53 4009 112 152
48 2308 112 151
58 4007 110 148
161 3659 114 151
62 4005 113 152
166 4004 114 151
47 3839 114 151
59 3894 112 151
51 4001 102 138
50 4000 103 138
49 3999 114 150
48 3341 113 150
58 3997 109 147
60 3996 107 144
55 3995 96 131
47 3994 113 151
135 2549 113 151
97 2231 112 151
43 2971 113 151
59 3990 113 151
59 2312 113 151
59 3988 112 152
55 3667 112 152
51 3986 111 149
129 1655 113 151
54 3040 112 151
47 3983 98 132
332 3698 113 150
163 3981 112 150
47 2368 113 151
58 2004 112 152
58 3978 101 135
53 3977 101 137
320 3976 113 150
48 1826 113 152
43 2850 113 151
40 3973 111 148
107 3419 113 151
57 3971 112 149
60 2359 113 151
75 1796 113 151
61 3968 111 148
60 3967 103 140
155 1413 113 151
58 1757 113 152
53 3964 102 138
46 3963 113 150
244 3962 107 145
267 3125 113 152
480 3960 99 132
109 3299 113 152
119 3958 113 151
40 3957 97 132
72 3956 113 152
59 3955 97 133
55 3954 97 131
58 3775 114 151
244 3952 98 132
37 3951 108 143
48 3553 113 152
53 3949 112 149
64 3948 100 134
78 3686 114 152
219 1613 113 151
69 3945 98 132
54 3944 98 131
214 3943 97 131
38 2876 112 151
54 3941 99 136
45 2891 113 151
222 2073 112 152
221 2836 112 151
232 3729 114 150
362 3936 113 151
51 1928 113 152
39 3934 110 148
59 2580 114 150
62 2427 112 152
159 1595 113 151
67 3930 105 141
60 3929 99 132
54 3662 114 151
236 1490 113 152
60 3926 113 151
49 3925 113 150
121 3924 114 150
50 2719 112 151
56 3922 112 151
37 3921 111 149
48 3920 112 151
127 1889 113 151
56 3306 113 150
62 1390 112 150
75 3916 105 141
339 1464 113 152
61 3914 114 150
58 3913 113 150
57 3912 112 151
48 2863 113 151
59 3910 112 152
57 3909 98 132
57 3908 113 151
188 3907 113 151
55 3906 112 151
161 3905 112 151
86 3904 105 142
50 3903 97 131
50 3902 96 132
54 3901 109 146
49 1593 112 152
40 3899 113 151
55 3898 98 132
51 2973 113 151
58 3896 105 142
97 3895 113 152
49 2035 113 151
45 3893 109 147
103 3892 101 136
59 3256 113 151
43 3890 112 150
58 3889 113 151
54 2992 111 151
48 2736 114 150
43 1706 112 151
47 3885 113 150
48 3097 113 151
38 1744 112 152
49 3882 97 131
48 1586 112 151
56 3880 99 134
322 3879 113 151
55 2042 113 151
49 3877 113 151
53 3553 114 151
41 2595 113 151
44 3368 112 149
139 2903 113 152
49 3872 112 151
55 3084 112 151
48 3870 97 132
149 3869 97 131
41 3868 113 150
57 2259 113 150
59 2779 112 151
228 3865 110 147
39 3381 113 151
60 3004 112 152
66 3862 109 148
51 2895 113 152
383 3860 113 150
46 2359 114 151
523 3858 102 137
55 3857 112 150
565 3757 113 151
127 3855 99 134
156 3854 106 141
58 3853 97 133
47 3852 112 151
259 3851 111 149
40 3850 112 152
454 3849 110 147
57 1761 112 151
128 3847 113 151
54 2458 111 152
45 3482 113 151
48 1445 113 152
89 2911 113 152
56 3318 114 151
127 1660 114 151
53 3276 113 152
58 4091 113 152
48 2129 113 152
67 2587 113 152
44 3818 114 152
223 4087 112 150
139 4086 113 150
138 4085 103 140
53 4084 98 132
47 4083 113 152
149 4082 114 152
86 2548 114 152
45 4080 108 143
57 4079 97 133
4078 2838 114 150
205 1636 112 152
60 2174 113 151
60 4075 111 149
57 1925 112 151
96 3209 112 151
49 3749 114 151
53 4071 109 147
50 2119 113 151
166 2641 113 150
163 4068 101 135
45 4067 114 152
100 3356 113 151
50 3630 115 151
220 4064 110 148
41 4063 103 138
60 4062 113 151
50 4061 107 143
56 4060 97 133
123 4059 98 132
41 4058 98 132
42 3193 113 152
110 3137 113 152
52 1911 114 152
47 1834 113 152
37 4053 111 148
58 3995 114 151
43 1563 112 152
70 1818 113 150
54 2488 114 151
56 2001 112 151
346 4047 110 145
153 2525 113 151
56 4045 104 140
43 4044 105 143
112 2976 114 151
142 3649 113 151
280 1824 113 151
57 4040 97 132
37 4039 98 133
140 1956 113 152
47 1588 113 151
42 3970 114 151
44 4004 115 151
58 4034 99 132
60 4033 110 149
103 4032 113 151
48 3763 113 151
59 4030 113 152
40 1857 112 152
132 4028 113 151
45 4027 108 145
182 4026 98 131
153 3100 114 151
57 4024 105 140
60 1863 112 152
148 4022 113 151
118 2644 113 151
60 1916 112 152
59 4019 99 132
47 2576 113 151
40 4017 113 152
50 1989 113 152
59 4015 110 148
58 4014 102 137
149 4013 111 150
45 3931 113 150
54 4011 98 132
81 2340 112 151
47 2097 113 151
62 4008 113 150
52 4007 114 152
49 4006 113 150
57 2896 113 151
49 3479 114 150
45 4003 113 152
47 4002 112 151
61 2882 112 151
199 4000 113 151
49 3999 113 151
48 3998 112 151
277 3997 114 151
56 3179 113 152
202 2108 113 152
50 3271 113 152
168 3993 113 152
57 2896 113 150
60 3991 114 152
50 3990 106 143
195 3705 114 150
156 1924 112 150
115 3987 114 151
58 1875 112 150
83 3985 109 145
333 3984 98 132
53 2622 112 152
50 2243 114 151
58 3981 99 132
248 3980 113 151
119 2520 113 151
41 3978 114 151
58 3977 113 152
48 3976 104 142
47 1733 113 152
343 1750 113 151
44 2436 112 150
44 3972 112 149
48 3971 113 151
51 2971 114 151
54 2422 112 151
53 3968 110 146
53 3967 99 132
53 3292 112 151
49 2346 113 151
105 3964 113 151
58 1760 114 152
229 3400 114 151
61 3961 98 132
36 3960 113 151
50 3959 98 133
58 3958 113 150
84 3957 113 150
53 3956 108 147
104 3955 113 151
56 1860 113 151
102 2428 112 150
288 1557 114 151
218 3886 114 151
131 3950 114 151
53 1759 111 152
55 3948 113 151
114 3947 113 151
53 3946 113 151
114 3945 98 131
49 3944 97 131
60 3943 112 152
121 3942 106 141
57 3941 113 150
45 3847 113 150
48 3939 106 144
93 3938 104 141
58 3916 114 151
90 3936 105 142
60 3935 113 149
59 3110 113 152
49 3248 113 152
64 3932 113 151
232 3805 111 150
36 3521 112 151
61 2694 113 151
67 3928 112 151
49 3927 100 136
67 3573 113 150
54 3925 105 141
59 3924 111 148
143 3923 113 149
48 2787 112 151
50 3921 98 132
167 2556 114 151
57 1717 113 152
452 3668 113 151
50 3917 110 147
58 3011 113 152
57 3915 112 151
149 2314 112 150
51 3913 113 152
37 3912 97 131
228 3911 113 151
51 3089 113 151
54 3909 113 151
61 2927 113 150
53 3907 113 150
60 3906 113 151
51 1667 113 152
267 3904 113 151
57 3903 98 132
48 3569 112 152
53 3389 113 151
147 2738 112 151
49 3338 114 151
50 3898 113 151
48 3897 113 151
56 3896 106 142
231 3895 102 137
241 3894 113 151
54 3893 98 132
45 3892 96 131
44 3891 103 138
239 3843 112 151
51 3889 97 132
60 3888 96 132
38 3887 112 152
57 1898 113 152
53 3885 97 131
304 3884 109 146
47 3883 98 132
45 3134 113 151
41 3881 114 152
81 2554 112 151
180 3109 112 152
49 3411 113 150
43 3877 97 131
154 3876 103 139
59 3875 98 132
150 2489 113 151
50 1745 113 152
176 3326 113 150
39 3871 97 132
53 2356 112 151
305 3869 112 150
60 1851 111 152
53 3867 99 132
275 3866 101 136
287 3865 98 133
49 1727 113 151
101 2346 113 150
49 3862 98 132
133 3608 113 151
49 1677 113 151
53 3859 105 143
47 3858 98 132
52 3857 113 151
47 1832 113 152
202 2940 113 151
451 3854 114 151
47 3853 114 151
139 3852 109 146
280 3851 114 151
60 2033 113 151
56 3332 113 151
285 3023 114 152
186 3847 114 151
48 3846 105 141
355 1709 112 152
47 3048 112 151
62 4095 113 151
54 3470 112 151
51 4093 114 152
124 2035 112 152
178 4091 99 132
87 2517 113 152
51 4044 114 152
49 4088 99 133
50 4087 114 151
44 4086 99 133
56 4085 96 132
57 2346 112 151
46 2607 113 152
238 2919 114 152
53 4081 113 150
59 2130 112 151
52 4079 114 151
57 2786 113 150
56 3331 113 152
46 4076 105 142
43 2672 113 151
251 4074 114 151
60 4073 105 142
58 4072 110 149
189 4071 114 151
59 4070 114 151
203 4069 114 151
144 4068 113 152
138 4067 114 150
55 4066 113 152
49 1820 114 151
42 3043 113 152
50 2898 114 151
87 3953 113 152
63 2009 113 151
327 4060 113 152
45 4059 99 132
47 4058 96 133
49 2878 113 152
59 2804 113 152
319 4055 98 133
173 1799 112 151
408 4053 113 152
139 3108 113 152
240 4051 109 145
284 2867 114 152
50 4049 112 151
56 4048 106 142
244 2208 112 152
67 4046 115 151
35 3028 113 150
50 2432 113 151
82 1889 112 152
38 4042 114 152
52 3184 113 150
49 4040 114 151
56 4039 114 152
47 3735 114 152
61 4037 98 132
272 4036 115 151
52 3892 113 152
49 4034 98 132
48 4033 98 132
57 4032 97 132
48 3706 114 151
65 4030 114 151
56 1796 112 152
233 3311 114 151
193 4027 99 132
485 3343 114 151
220 2677 113 150
51 2318 113 152
224 4023 104 139
59 2808 114 152
60 2578 113 151
46 2921 113 150
38 1808 113 151
50 2533 113 152
53 4017 113 152
59 3147 115 151
84 1578 114 151
173 1908 113 151
52 4013 99 134
46 3872 114 150
663 1632 114 151
60 4010 111 148
269 4009 111 150
51 1713 113 151
61 3907 114 151
287 2762 113 151
49 4005 112 149
57 4004 113 151
2980 2333 113 150
146 4002 112 149
49 1502 113 151
118 4000 112 150
49 2028 112 152
216 3998 109 146
45 3997 97 133
348 3996 98 131
50 3995 97 132
50 2706 113 150
59 3898 114 150
48 3992 113 151
260 2011 113 152
57 3990 113 151
57 3989 113 150
57 3988 113 151
50 3081 112 150
52 3986 113 151
62 3985 114 151
47 3386 114 151
35 3983 111 151
59 3982 102 137
203 3050 112 151
47 3980 112 152
58 3371 113 152
49 3289 114 151
50 3412 113 151
38 3976 113 150
58 3814 114 151
110 3439 113 151
245 3973 112 150
47 1669 112 151
136 3797 113 152
58 3970 114 152
88 2316 113 151
133 1988 113 151
54 3967 109 147
90 1817 111 151
57 3588 113 151
51 3964 104 139
52 3963 104 142
46 3962 99 131
1457 3630 114 151
63 3960 113 151
55 1411 112 152
50 2821 114 151
58 3957 113 151
89 2377 113 151
39 3547 114 151
60 1926 112 151
39 3756 114 150
61 3952 97 131
49 3951 96 132
84 3288 113 152
56 3949 98 132
240 1670 111 151
70 3233 113 150
106 3946 113 151
164 1905 112 151
113 3944 113 150
48 1608 112 151
54 3942 112 149
102 3941 104 139
93 3940 112 151
140 2656 113 150
56 3938 108 146
186 2228 113 151
53 3123 113 151
41 2532 113 150
47 2964 113 151
45 2848 112 149
415 2375 113 150
45 3931 112 151
39 3930 103 140
341 3929 113 152
147 1742 113 151
53 1487 113 150
56 1655 111 152
45 3925 106 142
43 3924 108 145
142 2156 113 150
85 3576 113 150
285 2552 113 151
3920 3920 98 131
640 1932 113 151
85 3918 98 131
141 3227 114 151
54 1838 112 152
135 3915 112 151
133 2959 113 151
47 3913 97 132
145 3912 113 151
57 3911 97 132
49 3910 97 132
200 3909 113 151
62 3880 113 151
57 3907 114 151
45 2364 113 151
54 2274 114 151
54 3904 113 151
52 3903 106 143
124 1742 113 151
53 2059 112 151
140 3651 114 150
84 3899 112 151
57 3898 99 132
297 3897 112 151
49 2938 113 151
57 3693 114 151
40 3894 98 132
62 3882 113 150
50 3033 113 151
59 3891 113 150
3890 1720 114 150
59 3889 113 151
37 1534 113 152
58 3887 113 151
51 1891 113 151
51 2861 113 151
45 2644 113 151
47 3883 113 151
56 3882 112 151
40 1808 113 151
62 3880 109 146
247 3879 97 132
45 3878 98 131
51 3877 97 131
58 3876 97 131
49 3248 113 151
43 3264 113 150
47 3873 107 145
290 2256 113 151
57 3152 114 151
38 3870 113 151
206 3869 113 151
207 3736 113 151
175 2905 112 151
53 3866 97 132
61 3792 113 152
758 3864 113 151
56 3863 97 132
46 2731 112 151
55 3861 107 145
49 3860 98 132
60 1641 112 151
55 3858 113 151
56 2887 113 152
45 3856 112 150
222 3855 112 151
55 2163 114 151
44 3853 113 151
321 1967 113 152
60 2020 113 151
50 3850 113 151
179 3041 113 151
61 3848 113 151
380 3847 112 151
383 3846 113 151
56 3496 113 151
119 3844 100 135
72 3907 114 152
44 4094 113 152
148 4093 113 151
53 2734 114 151
49 4091 98 133
115 4090 111 150
91 2334 113 151
42 3694 113 152
39 4087 113 152
121 4086 113 152
34 4085 98 133
46 2899 114 151
52 4083 98 133
61 4082 97 132
55 4081 97 133
149 3382 113 152
46 4017 114 151
59 4078 114 150
56 4077 114 151
61 3798 114 151
59 4075 110 146
128 4074 114 152
49 2454 113 152
38 4072 106 141
433 4071 112 152
48 3609 113 152
47 4069 97 133
155 1682 113 152
61 4067 112 149
92 2738 113 151
4065 3611 114 150
52 4064 105 142
53 4063 113 151
39 4062 110 149
36 4061 111 150
51 4060 113 152
59 2056 112 152
47 4058 98 133
38 4057 102 136
98 4056 112 151
134 2278 114 152
43 1524 113 153
119 2515 113 151
57 4052 110 149
57 1855 114 152
37 4050 99 132
115 4049 104 138
49 4009 114 152
145 4047 107 144
47 2265 113 151
57 3604 113 152
59 2863 113 151
50 2110 112 151
122 1900 113 152
47 4041 100 135
48 4040 113 150
161 3156 112 152
53 1706 113 151
46 2648 113 152
44 4036 113 151
59 3935 114 152
211 4034 102 137
61 3745 114 151
61 3140 114 152
58 2875 114 151
38 2236 114 152
370 3822 113 151
345 2469 113 152
61 3987 114 151
48 2701 114 151
142 4025 97 133
49 4024 98 132
368 4023 112 149
49 2963 113 152
60 2480 113 151
80 4020 110 149
43 3104 114 151
52 3963 114 151
54 4017 114 151
4016 4016 114 150
60 4015 113 151
57 4014 111 148
50 4013 112 150
195 2713 113 152
201 2830 114 151
83 4010 113 152
55 4009 108 146
359 3025 113 152
52 4007 98 132
206 4006 98 132
55 4005 114 151
185 1987 113 151
52 4003 97 133
50 1657 112 152
58 4001 113 151
235 3727 113 151
57 3999 114 151
58 3998 113 151
199 3997 112 152
59 3996 114 152
127 3995 98 132
37 3994 98 131
59 3993 112 151
57 3992 114 151
189 2025 114 151
53 3990 113 151
53 3740 113 151
55 1786 113 151
154 3637 114 152
80 3986 112 150
293 3428 113 152
52 3984 103 137
46 2491 113 150
95 3982 98 132
120 2631 114 151
48 3980 97 132
41 2417 113 152
177 3978 98 133
47 3088 112 150
60 3976 99 131
45 3975 112 151
217 3974 111 148
290 1824 114 151
124 1873 112 152
47 2470 112 152
275 3307 114 150
315 2031 112 151
59 2867 113 150
49 3967 104 141
327 3966 113 151
50 2125 112 150
58 3964 111 150
58 3118 113 150
60 2921 113 150
54 3961 98 132
48 3515 113 152
144 2112 113 151
186 3958 108 143
88 2112 113 151
46 3065 113 152
48 1980 113 151
169 3954 105 140
39 1939 113 150
94 3952 99 132
61 2672 113 151
59 3705 113 151
131 3949 113 150
46 3948 109 147
47 2443 113 151
448 3946 113 152
172 1884 113 151
44 3944 108 143
61 3943 105 141
47 3267 113 151
50 3941 108 144
57 3940 98 131
107 1602 113 151
76 3123 114 150
51 3937 113 151
70 3936 112 151
37 1515 113 152
48 1827 113 152
316 2289 113 150
55 3932 113 151
38 3931 98 132
58 2055 113 151
63 3573 113 151
42 3928 113 151
166 3927 113 151
51 3926 113 150
40 2412 112 150
56 3924 97 132
48 3923 103 139
172 2651 114 151
108 3105 112 152
48 3576 114 151
50 3341 113 152
189 2802 113 151
52 3917 104 138
59 3916 99 132
114 3915 98 131
46 3914 112 151
53 3913 96 132
54 3912 113 152
207 3911 112 151
48 3910 98 132
91 78 148 184
68 89 149 185
145 150 148 186
92 74 149 185
75 69 148 186
90 95 148 185
92 87 148 185
102 73 149 186
72 61 147 186
125 90 149 185
98 104 148 185
143 104 147 186
96 68 148 185
87 184 148 184
71 80 147 186
89 101 148 184
103 68 148 185
105 73 147 186
108 91 148 186
117 118 148 185
137 94 148 186
88 59 148 185
117 78 148 186
69 90 147 185
124 131 147 186
94 71 149 184
70 72 149 184
110 86 148 185
89 87 148 185
92 87 147 186
67 55 149 185
91 73 147 185
98 110 148 186
81 78 149 185
132 118 148 185
91 222 147 185
85 98 148 185
102 97 148 186
115 86 148 185
145 73 148 185
103 91 148 186
103 115 149 184
133 102 148 185
80 50 149 185
87 75 149 185
47 74 148 185
92 99 148 185
86 71 149 185
86 72 148 185
95 88 148 185
132 91 149 186
122 82 148 185
48 45 147 186
103 82 147 186
75 95 149 185
79 84 149 185
109 103 147 185
92 88 147 186
84 246 147 186
96 93 148 186
65 58 147 185
115 70 149 185
88 74 147 185
109 119 148 185
118 104 148 185
94 73 149 185
109 65 147 186
84 89 148 186
107 98 149 186
98 190 148 185
138 43 149 185
133 169 148 185
88 109 147 186
94 90 149 185
99 46 149 185
98 105 149 184
55 72 149 185
75 87 148 186
94 71 148 185
70 322 148 185
89 78 148 186
92 93 148 186
62 80 148 185
72 51 149 184
102 70 148 185
88 152 148 186
66 82 147 185
112 92 148 185
68 166 149 185
87 98 147 185
115 99 148 185
96 79 149 185
85 70 148 186
87 79 149 185
141 111 149 185
109 108 149 185
86 62 148 185
92 65 148 184
47 43 148 185
106 99 148 185
79 60 148 184
84 87 149 186
84 91 147 185
82 114 148 185
97 97 148 185
79 185 149 185
88 169 149 186
82 102 148 186
75 85 148 185
152 123 148 186
83 63 150 188
79 91 148 186
84 82 148 185
57 58 148 186
103 56 149 186
125 79 148 185
103 285 148 185
125 93 148 186
85 50 147 184
83 71 148 184
83 43 149 184
88 199 148 186
110 88 149 185
75 50 149 185
141 109 148 185
114 107 149 185
78 79 148 185
88 42 149 185
85 137 148 186
84 101 149 185
78 76 147 186
137 106 148 186
105 63 148 185
106 129 148 185
109 99 148 185
78 62 148 186
86 63 148 185
107 207 148 186
88 104 148 185
91 91 148 185
93 125 149 185
103 61 149 185
47 51 147 185
86 85 148 185
89 60 148 185
99 67 149 185
62 64 148 185
111 101 148 186
68 356 147 185
79 50 148 186
82 63 148 185
87 101 149 186
85 95 148 186
98 75 149 185
79 171 148 186
75 86 149 186
98 95 149 185
106 93 149 185
69 63 149 185
91 79 147 186
95 108 148 185
102 81 148 186
82 132 147 185
74 59 148 186
84 94 149 185
91 90 149 185
99 88 149 185
86 75 148 185
88 96 148 185
102 103 148 186
94 84 148 185
72 59 148 186
95 76 148 185
96 102 148 185
134 87 149 185
103 60 149 185
94 232 149 185
87 92 148 186
98 91 148 186
166 76 148 186
81 59 148 185
75 156 148 186
74 117 148 185
100 159 148 185
91 53 149 185
97 94 149 185
82 100 148 186
76 82 148 185
83 59 149 185
89 75 148 186
60 68 148 186
109 98 148 185
101 77 148 186
104 119 148 185
92 81 148 185
113 115 148 185
86 84 146 185
86 58 148 186
110 87 148 185
83 91 148 186
116 97 147 185
128 117 149 185
84 66 148 186
80 87 149 185
89 82 148 186
110 82 148 186
77 72 148 186
93 78 148 185
75 331 148 185
113 96 148 186
68 46 148 186
86 63 148 185
91 86 147 185
72 73 149 186
84 53 147 185
63 67 148 185
70 75 148 186
93 90 148 185
70 69 148 186
111 58 149 186
133 154 149 186
79 100 148 186
96 102 148 185
68 58 149 186
71 52 149 184
95 85 148 186
86 82 148 187
96 86 149 186
79 59 149 185
73 78 149 186
89 98 149 185
70 83 148 186
128 41 149 185
88 72 149 186
93 91 149 186
84 90 148 184
117 88 148 185
83 68 149 186
81 76 149 185
91 89 149 185
96 81 148 185
86 44 148 186
80 66 150 185
79 228 149 185
85 99 148 186
107 62 148 186
110 88 149 186
107 109 147 186
95 114 148 185
80 159 148 186
131 73 148 186
109 115 148 185
84 92 148 186
62 222 147 185
77 52 147 186
77 63 149 185
76 76 148 186
78 80 149 186
135 66 147 186
116 70 149 186
117 77 148 186
98 215 149 186
119 77 148 186
81 61 148 186
86 62 148 186
86 106 149 185
96 104 147 186
108 80 148 185
91 61 148 187
75 84 148 185
100 85 149 186
88 85 147 185
63 67 149 186
104 128 148 187
95 108 148 187
87 152 148 185
95 63 149 185
90 361 149 185
73 77 149 185
81 87 148 185
69 49 149 185
91 51 149 186
84 81 148 185
91 97 147 186
180 100 148 186
83 48 149 185
57 44 148 186
95 108 148 186
119 93 148 185
115 96 149 185
67 60 149 185
88 98 148 186
98 93 149 185
87 76 148 186
56 49 148 186
107 94 149 186
89 104 148 185
130 202 148 186
91 56 147 186
93 81 149 186
57 68 149 185
86 103 147 185
90 62 149 185
55 51 148 185
114 98 149 184
95 92 149 186
50 42 149 185
112 43 147 186
107 61 148 185
84 97 148 185
88 97 149 184
92 72 148 186
72 53 148 185
109 92 148 186
183 87 148 186
80 75 148 186
71 60 148 186
108 85 149 185
76 91 149 186
104 266 149 185
85 52 147 186
105 73 148 186
79 91 148 185
109 84 148 185
93 75 148 186
77 99 149 186
100 93 148 186
125 93 149 185
49 47 148 187
74 55 148 186
80 71 149 185
94 113 148 186
73 90 149 186
98 66 147 186
104 107 148 185
75 86 147 185
88 291 148 186
93 93 149 185
72 240 149 185
81 73 148 186
118 223 149 185
55 58 149 185
83 43 148 185
70 48 148 186
72 87 149 185
88 84 148 186
117 92 148 186
93 68 149 185
125 100 148 186
180 87 148 185
75 59 148 186
68 56 148 186
108 89 149 187
78 100 147 186
111 111 147 186
113 65 149 186
66 49 149 186
118 85 149 186
100 81 149 186
77 65 148 186
102 71 148 186
98 85 149 185
113 74 149 185
54 56 148 185
78 59 149 186
95 61 148 185
119 107 148 186
138 99 149 185
113 81 149 185
82 70 149 185
48 43 148 186
125 88 149 185
85 70 148 185
92 65 148 185
64 70 149 185
82 93 148 186
141 74 149 186
77 56 148 186
95 83 148 185
147 123 148 186
127 87 149 185
102 64 149 186
92 66 148 185
85 93 149 185
84 81 148 186
99 88 149 186
91 53 148 185
124 85 148 185
84 48 149 186
93 82 148 187
124 91 148 187
50 43 150 186
71 51 149 186
115 79 148 187
89 94 148 185
102 101 149 186
98 69 149 185
101 62 149 186
85 83 149 185
122 105 147 186
92 81 148 186
83 63 150 185
78 143 148 186
104 100 149 185
90 89 148 187
137 114 149 186
96 59 149 186
49 44 149 185
86 86 150 185
90 72 149 185
102 64 149 185
88 90 148 185
72 81 148 186
108 72 148 186
142 99 149 185
55 48 148 186
78 74 148 186
96 87 149 186
83 44 149 185
65 40 148 185
173 44 149 185
89 83 149 185
94 90 149 186
107 62 148 186
49 44 148 186
88 68 149 185
90 99 149 186
73 71 149 186
123 53 149 185
97 56 148 186
65 60 148 186
169 154 148 186
103 84 149 185
62 59 148 186
106 96 149 186
98 91 148 187
87 92 149 185
95 61 149 186
87 65 149 185
103 88 149 185
129 92 149 185
92 64 149 186
75 58 148 186
136 74 149 186
115 114 148 187
63 74 149 186
94 63 149 185
80 56 149 185
108 88 149 185
111 89 148 186
83 60 149 186
96 45 150 185
162 75 148 186
87 99 148 187
95 91 149 185
93 73 149 185
121 204 149 185
75 70 149 185
110 79 148 186
114 77 149 185
69 42 148 187
109 67 149 184
48 64 148 186
102 89 148 185
80 56 149 185
120 68 148 187
81 68 149 186
91 101 148 186
88 87 149 186
83 56 148 186
117 71 149 185
71 81 148 186
134 80 148 186
85 72 149 185
55 44 148 185
99 85 149 185
81 93 148 185
138 84 149 186
115 76 150 185
86 65 148 186
93 88 148 186
76 76 149 186
136 90 148 186
68 54 148 186
103 76 149 186
89 92 149 185
80 82 148 186
94 79 149 186
102 85 149 185
82 84 148 186
217 173 148 185
143 66 149 186
87 43 149 185
77 63 149 185
68 77 148 186
103 86 148 186
76 54 149 185
71 201 148 186
104 45 147 187
99 94 148 186
98 61 147 186
69 125 148 186
85 58 149 185
49 43 149 186
86 81 149 186
100 72 149 185
62 46 149 185
81 79 150 186
86 98 148 186
64 80 147 185
92 66 149 186
64 45 148 185
70 74 149 187
104 258 148 185
104 80 148 188
81 98 149 186
104 85 148 186
78 88 148 186
78 76 148 186
98 79 149 185
79 73 149 186
83 71 148 186
50 47 148 186
80 113 149 186
79 206 148 186
124 50 149 186
68 73 149 184
130 90 148 186
89 67 148 185
76 69 149 186
77 71 149 186
90 104 150 185
140 101 148 185
93 53 149 185
144 69 148 187
86 83 148 185
107 85 148 187
81 57 149 186
94 63 149 185
80 62 148 186
103 213 149 185
66 71 149 186
100 69 148 186
77 129 149 186
48 47 148 186
90 90 148 186
89 49 149 186
80 49 149 186
93 45 149 186
78 95 148 186
90 88 149 185
74 148 149 186
102 66 149 186
88 74 148 185
87 88 149 186
69 69 148 186
54 44 148 186
85 66 149 186
65 84 148 186
111 120 149 186
103 71 149 186
81 100 148 185
98 86 148 186
164 86 149 186
94 91 149 186
63 62 148 185
75 68 149 185
53 50 149 185
156 96 149 185
93 73 149 186
75 105 147 186
100 158 148 186
121 132 148 185
102 89 149 185
76 46 147 185
85 66 148 186
87 93 149 186
136 88 148 186
48 45 148 185
103 43 148 185
93 64 149 187
101 94 148 185
133 80 148 185
78 59 148 187
113 64 148 186
89 93 147 186
113 82 149 186
123 65 149 185
51 44 148 186
83 68 149 186
95 103 149 185
79 81 149 186
78 45 148 186
49 43 148 186
98 97 149 186
69 68 148 186
74 46 148 186
92 43 148 186
100 80 148 184
87 108 148 186
104 68 149 185
99 62 148 186
68 55 149 186
94 107 149 186
119 99 147 187
74 83 149 186
128 49 148 186
78 190 149 186
80 79 148 186
91 86 148 186
109 85 148 185
114 64 149 186
90 82 148 186
79 79 148 186
65 55 148 185
80 44 148 185
73 256 149 186
81 94 148 186
102 89 148 185
122 101 149 186
104 61 148 186
71 75 148 186
93 80 149 186
67 59 149 185
85 59 148 185
104 64 149 185
83 87 147 186
113 81 148 186
99 77 148 186
64 57 147 186
53 53 149 186
72 77 148 185
87 79 148 186
70 44 149 185
73 59 148 186
97 105 148 186
91 82 149 186
98 82 148 186
106 54 148 186
98 112 149 186
82 83 147 186
49 45 149 185
78 43 148 185
113 62 149 187
78 83 149 186
132 110 149 185
73 55 149 185
69 64 149 185
87 116 148 188
96 103 149 186
75 77 148 186
83 42 148 185
87 67 149 186
64 67 147 186
80 65 149 186
80 80 149 186
101 87 149 186
103 128 148 187
133 100 149 186
125 110 148 186
68 47 149 185
119 74 148 186
51 50 149 185
136 89 149 186
89 62 150 186
67 142 148 187
101 76 149 186
94 230 149 186
75 73 150 185
91 61 148 186
120 68 149 186
48 41 149 185
86 75 149 186
72 62 148 185
77 65 149 185
91 77 149 186
77 94 147 186
86 84 149 185
87 62 149 185
79 67 149 186
71 60 148 186
84 92 148 186
81 71 148 186
58 55 149 185
105 73 149 185
86 97 150 185
73 99 148 186
88 52 149 185
112 66 148 186
78 67 148 186
128 93 148 186
84 73 148 187
68 117 150 186
124 166 148 187
103 102 148 185
102 92 148 186
93 61 148 186
69 53 148 186
89 80 149 184
122 94 148 186
89 52 149 186
81 44 148 188
79 55 149 186
100 96 148 186
76 76 148 186
100 274 149 186
108 87 148 186
59 67 148 186
91 208 148 186
77 71 149 186
87 79 148 186
83 52 148 186
89 100 148 186
93 87 149 185
132 81 148 186
140 56 149 186
89 110 149 187
97 187 148 186
114 212 147 186
129 50 149 187
86 56 148 186
76 81 148 186
79 229 150 187
67 44 149 185
74 52 149 184
63 121 148 186
101 97 149 185
83 69 149 186
87 56 148 186
77 60 148 186
63 74 149 186
76 201 148 186
94 73 148 186
55 52 148 186
111 75 148 186
88 83 148 186
49 57 149 186
73 53 148 186
80 71 148 186
106 90 149 186
123 87 148 186
101 73 149 185
49 42 149 185
72 74 148 187
133 123 148 186
88 69 149 186
75 48 148 186
78 58 148 186
78 87 149 185
128 94 148 186
96 67 148 185
128 60 148 185
100 180 149 185
103 93 148 186
64 59 148 186
60 43 149 185
50 74 148 186
100 107 148 186
83 93 149 186
65 49 147 186
75 59 148 185
134 129 148 186
156 134 149 186
86 124 149 186
74 48 148 186
88 64 148 186
72 86 148 186
92 92 149 186
72 72 148 185
123 191 149 186
96 72 149 187
64 79 149 186
65 63 148 186
73 43 149 185
83 58 149 186
50 37 150 185
111 87 149 186
72 69 149 186
97 119 149 186
82 75 149 186
93 105 149 185
57 69 149 186
84 55 149 186
89 66 147 186
53 60 149 186
111 90 148 185
75 52 149 185
48 43 148 187
100 91 148 186
104 116 149 186
72 93 149 185
82 60 149 185
95 71 148 185
51 58 148 185
73 74 149 185
82 71 148 186
66 44 148 185
110 88 149 186
77 99 148 186
86 87 148 186
92 160 148 186
81 46 149 185
77 73 149 185
97 73 149 186
76 80 149 186
72 46 149 185
66 50 149 185
98 93 148 186
48 118 148 186
104 79 149 186
53 44 149 186
90 81 149 186
105 127 148 186
154 172 150 185
76 61 149 186
105 56 149 186
68 73 148 186
100 124 148 185
80 59 149 187
123 67 148 185
102 119 148 186
96 90 148 185
100 91 148 186
86 52 148 185
94 59 148 186
61 65 148 186
103 88 149 185
116 73 148 187
74 57 148 186
93 88 148 185
87 102 148 186
147 85 148 185
80 57 149 186
84 64 149 186
73 81 148 185
106 99 149 185
162 66 148 186
76 53 147 186
101 55 149 186
107 92 149 185
79 75 148 186
107 90 149 185
74 45 149 186
80 75 148 185
76 67 148 185
61 64 149 186
126 48 149 186
93 65 149 186
74 87 148 186
101 85 149 186
100 67 148 185
68 56 149 186
80 75 148 186
110 96 148 186
89 83 148 186
135 41 148 187
136 58 149 185
92 93 148 186
85 82 149 186
80 67 148 186
68 65 147 186
97 85 148 185
97 93 149 186
77 88 149 185
100 63 147 186
90 66 149 186
47 53 148 185
113 93 148 186
90 72 148 185
84 56 148 186
70 54 149 185
107 103 149 186
74 140 148 186
121 87 148 186
84 57 148 186
48 73 149 186
105 98 148 186
86 79 149 186
98 87 149 186
85 65 148 186
78 88 149 185
114 81 149 186
87 131 149 186
101 60 148 186
97 81 149 186
81 90 149 185
67 66 148 186
76 50 149 186
140 85 148 187
61 56 149 185
90 193 149 187
105 55 149 186
93 78 148 187
105 94 148 186
86 127 149 185
92 82 149 187
102 76 149 185
209 126 149 186
85 285 149 185
106 79 149 186
91 73 148 185
137 45 149 187
74 57 148 187
122 98 148 186
71 79 149 186
114 92 149 186
78 64 149 185
89 77 149 185
97 92 149 186
82 75 150 185
86 44 148 186
85 58 148 187
69 86 148 186
104 85 148 186
83 55 149 185
59 49 149 186
87 85 149 185
96 91 149 186
66 73 148 187
68 42 149 186
149 93 149 187
50 43 149 185
106 108 149 185
148 49 148 186
61 128 149 186
87 116 148 185
73 234 148 186
100 97 148 186
77 47 149 186
126 60 147 186
62 73 149 186
134 94 149 186
132 54 149 185
93 71 148 185
96 78 149 185
84 100 148 186
123 70 149 186
111 84 149 186
93 98 148 186
65 65 149 187
96 94 148 186
86 77 148 186
55 72 148 186
132 56 149 185
50 49 149 185
168 83 147 186
96 78 147 186
88 73 149 186
104 87 149 186
99 99 149 185
88 122 149 186
90 49 148 186
89 77 148 187
68 65 148 186
83 84 150 185
76 68 149 185
77 64 148 186
74 145 149 186
118 120 148 186
125 86 148 186
82 44 149 187
125 73 148 186
48 62 148 185
83 75 148 186
98 147 149 186
91 62 149 185
87 129 149 186
92 101 149 186
134 78 149 186
98 92 148 186
69 60 148 186
68 55 148 187
103 101 149 185
112 67 150 185
71 42 149 184
124 86 149 186
85 90 149 186
80 105 148 186
91 59 149 185
63 66 149 185
111 84 148 186
75 69 149 184
58 61 148 185
87 58 148 186
82 163 148 185
50 41 149 186
86 79 149 186
76 55 148 186
58 51 148 185
128 83 149 185
101 107 149 185
83 88 149 185
80 48 149 185
87 65 147 186
80 83 148 187
86 86 149 185
72 62 148 186
64 55 148 186
108 84 149 186
81 99 149 185
111 78 149 185
134 112 148 186
159 73 148 187
80 83 149 185
125 116 149 185
73 71 149 186
79 44 149 186
111 55 149 185
67 86 149 186
128 82 149 186
73 53 149 185
89 61 148 186
90 89 147 185
122 107 149 185
106 87 148 185
76 48 148 186
80 59 149 185
52 59 149 185
101 96 148 185
67 60 148 185
97 67 149 186
81 78 149 186
90 323 149 185
100 100 149 186
69 55 149 186
119 61 149 185
57 50 148 185
86 81 149 186
83 76 149 185
78 54 148 185
83 67 148 186
90 105 150 185
90 86 149 185
101 73 149 185
176 71 148 186
77 83 149 186
87 89 148 186
62 58 148 186
64 58 149 186
94 78 147 186
95 160 148 186
102 113 149 186
83 67 149 186
75 68 149 188
80 85 147 186
93 83 149 187
99 64 149 185
95 59 148 186
74 138 149 185
87 94 149 186
79 76 148 186
102 79 149 185
94 74 148 186
84 77 149 185
89 86 149 187
72 63 148 185
77 40 149 186
74 63 148 186
65 80 149 186
69 72 148 186
94 55 149 185
82 88 147 184
81 90 148 187
140 89 148 185
79 67 149 186
75 43 149 186
68 49 149 186
43 48 149 186
107 149 149 186
82 67 149 186
111 230 150 187
110 94 148 185
91 101 149 186
108 107 148 186
93 57 148 186
106 60 148 186
62 82 148 185
94 85 149 185
109 90 148 185
74 58 148 186
67 47 147 186
88 88 148 186
89 88 149 185
117 93 148 187
88 72 149 185
107 107 148 186
139 85 149 185
75 56 148 186
67 204 148 186
94 68 148 186
81 90 149 186
150 139 148 186
116 101 148 186
77 69 148 186
54 53 149 186
104 99 147 186
61 65 149 186
72 58 148 185
49 43 149 186
77 97 149 185
147 87 149 186
79 60 149 186
80 63 149 185
67 115 148 186
87 89 149 186
80 71 148 185
117 52 149 186
144 56 149 186
61 50 147 185
99 88 148 186
96 66 148 185
69 67 149 185
133 76 149 186
79 95 148 185
105 100 148 186
79 55 148 186
84 75 148 186
64 65 148 186
94 85 148 186
103 77 149 186
126 60 149 186
92 80 148 185
96 101 148 186
78 74 148 185
99 69 147 185
82 58 149 186
96 190 149 185
119 258 149 186
77 110 148 186
186 69 149 186
88 65 148 186
94 103 148 186
85 95 149 186
96 74 149 186
87 71 148 185
108 100 148 185
85 85 148 185
122 65 149 185
110 54 149 185
81 75 148 187
86 85 148 186
106 78 148 187
92 69 148 186
94 181 149 187
87 79 149 185
142 82 149 186
110 67 149 187
84 60 148 187
113 96 149 186
80 89 149 186
84 216 149 185
102 77 149 185
129 110 147 186
86 89 149 186
91 84 149 186
102 60 150 186
74 51 148 187
85 73 148 186
96 107 149 185
107 311 149 185
91 83 149 186
115 83 150 186
101 93 148 185
114 89 148 185
67 51 149 185
116 62 148 187
85 65 149 185
87 93 149 186
82 75 149 185
77 54 150 184
99 60 148 186
109 128 148 187
97 93 149 185
56 52 148 186
75 45 148 186
96 57 150 185
91 100 149 187
91 79 149 185
88 64 149 185
65 69 148 185
71 95 148 186
95 94 148 186
103 91 149 186
87 48 149 186
59 44 148 184
86 87 150 186
87 97 149 185
92 144 149 186
77 169 148 186
95 80 148 186
113 103 148 187
90 70 149 185
109 47 148 187
75 52 147 186
58 78 147 186
99 93 148 186
98 58 149 185
126 132 149 185
72 77 149 186
96 90 150 187
126 79 149 185
59 47 148 186
137 66 148 186
83 92 149 184
106 92 149 186
69 56 147 186
64 79 149 185
96 69 148 186
127 98 148 186
84 100 149 186
71 44 148 185
210 48 148 186
72 84 149 186
84 78 149 186
88 73 148 186
113 70 149 185
83 82 149 185
107 108 148 186
82 84 149 185
75 51 149 185
90 251 148 186
68 83 150 185
102 107 148 186
78 60 149 186
87 68 147 186
100 94 148 187
109 111 149 186
79 69 148 185
63 44 149 186
88 63 149 185
57 78 148 187
94 93 149 185
67 55 149 186
127 228 149 184
109 91 149 186
155 112 149 186
75 73 148 185
77 62 148 186
72 53 149 185
83 89 149 185
111 92 149 185
105 76 148 186
84 65 149 186
105 66 149 185
88 91 148 187
57 61 147 186
91 42 149 185
71 60 148 186
77 83 149 185
107 100 147 186
102 54 148 186
91 103 148 187
80 81 148 185
111 89 149 186
74 82 149 186
74 43 148 186
90 71 150 185
69 85 149 186
109 217 148 186
105 71 149 186
82 67 148 186
97 89 149 184
149 97 149 185
131 81 149 185
79 52 147 185
104 92 149 186
92 96 148 186
130 114 149 186
105 81 149 186
110 64 148 185
94 75 149 185
103 75 148 185
109 85 148 185
140 47 148 185
70 44 148 185
78 85 149 185
72 73 149 186
106 83 149 186
81 63 149 186
99 89 148 186
87 84 148 186
67 65 149 185
78 43 149 185
83 94 149 185
79 82 149 186
107 159 149 186
88 66 149 186
96 190 148 186
82 92 148 186
99 81 148 185
115 82 149 186
73 46 149 186
96 94 149 186
86 97 149 186
80 81 149 185
107 148 148 187
105 72 149 185
88 75 149 185
48 65 148 187
91 77 148 186
87 95 148 186
97 68 149 186
73 90 148 187
76 92 149 187
78 55 149 186
58 60 148 185
95 67 149 186
107 106 149 185
89 73 148 186
75 42 149 186
91 174 149 186
75 86 149 185
67 70 149 185
87 63 148 185
63 55 149 185
81 78 149 185
103 87 149 185
74 69 148 186
77 159 149 186
141 68 149 186
101 105 148 186
115 102 149 185
88 72 149 186
97 76 149 186
76 63 148 186
73 75 149 186
97 72 148 185
78 43 149 185
144 97 147 185
83 101 148 186
126 84 148 186
133 101 148 186
67 45 148 187
73 73 148 186
101 89 148 186
90 60 149 185
51 43 149 185
92 73 149 185
81 90 149 186
75 88 148 186
87 69 148 186
63 56 149 186
87 96 148 185
135 92 148 186
102 78 147 186
128 63 149 185
147 85 149 185
102 208 148 186
97 100 149 186
115 92 149 186
85 67 149 186
79 79 148 187
93 81 149 186
102 82 148 186
110 92 148 186
77 74 148 186
95 101 149 186
130 191 148 185
129 86 148 186
66 62 149 186
97 83 148 185
104 87 149 186
68 60 149 186
75 52 149 185
95 77 148 186
98 85 148 186
78 78 149 186
94 83 148 185
119 59 149 186
79 74 148 186
102 88 149 186
74 207 149 186
75 54 149 185
67 57 148 186
92 102 148 186
81 84 149 186
111 108 149 186
103 65 148 186
116 88 149 186
81 74 148 186
66 60 148 185
129 66 149 186
123 199 149 186
136 105 149 185
91 104 149 186
81 56 148 186
79 65 149 185
76 73 149 186
68 64 149 186
86 77 148 186
73 62 148 186
79 175 149 186
101 109 148 186
85 91 148 184
83 50 148 186
88 62 149 187
65 66 148 186
106 99 148 187
88 79 149 185
46 42 149 186
113 68 149 187
80 101 149 186
70 80 149 186
94 59 147 186
133 82 148 186
57 57 148 187
81 74 148 186
88 68 149 185
69 58 149 186
92 73 148 185
82 150 149 185
98 96 148 186
96 65 149 185
88 239 148 186
55 56 149 185
83 91 148 186
125 79 150 185
48 46 148 186
82 67 149 186
99 158 148 187
53 47 150 187
74 45 148 186
81 65 149 187
83 90 148 186
89 81 148 186
78 78 148 186
102 98 148 187
112 92 148 187
85 73 149 186
95 73 149 186
121 46 149 185
72 59 148 186
81 102 149 186
87 186 149 185
102 82 148 186
84 60 149 185
